KE 2023010902006 83 90 86
PF 2023010904002 94 82 88
KQ 2023010904005 87 89 88
XJ 2023010904008 79 86 82
PZ 2023010904012 98 95 96
CG 2023010905001 87 91 89
ZPL 2023010905002 92 89 90
LW 2023010905003 84 98 91
TR 2023010905004 82 85 83
ZN 2023010905021 60 40 50
DL 2023010905022 60 50 55
EL 2023010905023 50 55 52
RP 2023010905024 78 80 79
JR 2023010905025 80 80 80
JU 2023010905026 75 83 79
NJ 2023010905027 80 82 81
OF 2023010905028 82 90 86
HU 2023010905029 60 75 67
JP 2023010905030 72 71 71
PL 2023010907003 79 87 83
RM 2023010909018 94 98 96
BR 2023010913009 88 98 93
PH 2023010915024 89 97 93
